"%Data file recorded 2013/5/15  17:17:54"
"% recording topics: ['/Velocity', '/robotState', '/robotGyro', '/visualTracker/markerPose']"
"% Columns: "
"% seq0 | time1 | LPos2 | RPos3 | LPWM4 | RPWM5| GyroX6 | GryoY7 | GryoZ8 | GryoZAvg9 | AX10 | AY11 | AZ12 |LEMF13 | REMF14 | optX15 optY16 optAng17 | Vel18 Ang19"
79316.000, 0.258, 0.000, 0.000, 0.000, 0.000, 0.000, 0.000, 0.000, 0.000, 0.000, 0.000, 0.000, 0.000, 0.000, 0.950,-0.058, 1.466, 0.000, 0.000
79317.000, 0.294, 0.000, 0.000, 0.000, 0.000, 0.000, 0.000, 0.000, 0.000, 0.000, 0.000, 0.000, 0.000, 0.000, 0.949,-0.060, 1.473, 0.271,-5.011
79318.000, 0.333, 0.000, 0.000, 0.000, 0.000, 0.000, 0.000, 0.000, 0.000, 0.000, 0.000, 0.000, 0.000, 0.000, 0.948,-0.059, 1.470, 0.272,-5.027
79319.000, 0.374, 0.000, 0.000, 0.000, 0.000, 0.000, 0.000, 0.000, 0.000, 0.000, 0.000, 0.000, 0.000, 0.000, 0.949,-0.058, 1.470, 0.273,-5.021
79320.000, 0.414, 0.000, 0.000, 0.000, 0.000, 0.000, 0.000, 0.000, 0.000, 0.000, 0.000, 0.000, 0.000, 0.000, 0.951,-0.058, 1.470, 0.272,-5.023
79321.000, 0.456, 0.000, 0.000, 0.000, 0.000, 0.000, 0.000, 0.000, 0.000, 0.000, 0.000, 0.000, 0.000, 0.000, 0.951,-0.058, 1.470, 0.270,-5.024
79322.000, 0.494, 0.000, 0.000, 0.000, 0.000, 0.000, 0.000, 0.000, 0.000, 0.000, 0.000, 0.000, 0.000, 0.000, 0.951,-0.059, 1.474, 0.270,-5.024
79323.000, 0.534, 0.000, 0.000, 0.000, 0.000, 0.000, 0.000, 0.000, 0.000, 0.000, 0.000, 0.000, 0.000, 0.000, 0.951,-0.059, 1.472, 0.270,-5.033
79324.000, 0.574, 0.000, 0.000, 0.000, 0.000, 0.000, 0.000, 0.000, 0.000, 0.000, 0.000, 0.000, 0.000, 0.000, 0.951,-0.059, 1.475, 0.270,-5.028
79325.000, 0.614, 0.000, 0.000, 0.000, 0.000, 0.000, 0.000, 0.000, 0.000, 0.000, 0.000, 0.000, 0.000, 0.000, 0.953,-0.059, 1.476, 0.270,-5.037
79326.000, 0.654, 0.000, 0.000, 0.000, 0.000, 0.000, 0.000, 0.000, 0.000, 0.000, 0.000, 0.000, 0.000, 0.000, 0.951,-0.059, 1.475, 0.268,-5.040
79327.000, 0.693, 0.000, 0.000, 0.000, 0.000, 0.000, 0.000, 0.000, 0.000, 0.000, 0.000, 0.000, 0.000, 0.000, 0.951,-0.059, 1.475, 0.270,-5.036
79328.000, 0.734, 0.000, 0.000, 0.000, 0.000, 0.000, 0.000, 0.000, 0.000, 0.000, 0.000, 0.000, 0.000, 0.000, 0.954,-0.059, 1.474, 0.270,-5.036
79329.000, 0.774, 0.000, 0.000, 0.000, 0.000, 0.000, 0.000, 0.000, 0.000, 0.000, 0.000, 0.000, 0.000, 0.000, 0.953,-0.059, 1.473, 0.267,-5.034
79330.000, 0.814, 0.000, 0.000, 0.000, 0.000, 0.000, 0.000, 0.000, 0.000, 0.000, 0.000, 0.000, 0.000, 0.000, 0.953,-0.059, 1.473, 0.268,-5.030
79331.000, 0.856, 0.000, 0.000, 0.000, 0.000, 0.000, 0.000, 0.000, 0.000, 0.000, 0.000, 0.000, 0.000, 0.000, 0.952,-0.059, 1.473, 0.268,-5.029
79332.000, 0.896, 0.000, 0.000, 0.000, 0.000, 0.000, 0.000, 0.000, 0.000, 0.000, 0.000, 0.000, 0.000, 0.000, 0.952,-0.059, 1.473, 0.268,-5.029
79333.000, 0.934, 0.000, 0.000, 0.000, 0.000, 0.000, 0.000, 0.000, 0.000, 0.000, 0.000, 0.000, 0.000, 0.000, 0.953,-0.059, 1.472, 0.268,-5.028
79334.000, 0.974, 0.000, 0.000, 0.000, 0.000, 0.000, 0.000, 0.000, 0.000, 0.000, 0.000, 0.000, 0.000, 0.000, 0.952,-0.059, 1.473, 0.268,-5.027
79335.000, 1.014, 0.000, 0.000, 0.000, 0.000, 0.000, 0.000, 0.000, 0.000, 0.000, 0.000, 0.000, 0.000, 0.000, 0.952,-0.059, 1.473, 0.268,-5.028
79336.000, 1.054, 0.000, 0.000, 0.000, 0.000, 0.000, 0.000, 0.000, 0.000, 0.000, 0.000, 0.000, 0.000, 0.000, 0.952,-0.059, 1.473, 0.269,-5.028
79337.000, 1.092, 0.000, 0.000, 0.000, 0.000, 0.000, 0.000, 0.000, 0.000, 0.000, 0.000, 0.000, 0.000, 0.000, 0.952,-0.059, 1.473, 0.268,-5.029
79338.000, 1.136, 0.000, 0.000, 0.000, 0.000, 0.000, 0.000, 0.000, 0.000, 0.000, 0.000, 0.000, 0.000, 0.000, 0.952,-0.059, 1.473, 0.268,-5.029
79339.000, 1.174, 0.000, 0.000, 0.000, 0.000, 0.000, 0.000, 0.000, 0.000, 0.000, 0.000, 0.000, 0.000, 0.000, 0.952,-0.059, 1.473, 0.268,-5.030
79340.000, 1.213, 0.000, 0.000, 0.000, 0.000, 0.000, 0.000, 0.000, 0.000, 0.000, 0.000, 0.000, 0.000, 0.000, 0.952,-0.059, 1.473, 0.269,-5.029
79341.000, 1.254, 0.000, 0.000, 0.000, 0.000, 0.000, 0.000, 0.000, 0.000, 0.000, 0.000, 0.000, 0.000, 0.000, 0.953,-0.059, 1.473, 0.268,-5.030
79342.000, 1.294, 0.000, 0.000, 0.000, 0.000, 0.000, 0.000, 0.000, 0.000, 0.000, 0.000, 0.000, 0.000, 0.000, 0.952,-0.059, 1.473, 0.268,-5.030
79343.000, 1.334, 0.000, 0.000, 0.000, 0.000, 0.000, 0.000, 0.000, 0.000, 0.000, 0.000, 0.000, 0.000, 0.000, 0.952,-0.059, 1.473, 0.268,-5.030
79344.000, 1.377, 0.000, 0.000, 0.000, 0.000, 0.000, 0.000, 0.000, 0.000, 0.000, 0.000, 0.000, 0.000, 0.000, 0.952,-0.059, 1.473, 0.268,-5.031
79345.000, 1.416, 0.000, 0.000, 0.000, 0.000, 0.000, 0.000, 0.000, 0.000, 0.000, 0.000, 0.000, 0.000, 0.000, 0.952,-0.059, 1.473, 0.269,-5.031
79346.000, 1.456, 0.000, 0.000, 0.000, 0.000, 0.000, 0.000, 0.000, 0.000, 0.000, 0.000, 0.000, 0.000, 0.000, 0.953,-0.059, 1.473, 0.269,-5.031
79347.000, 1.494, 0.000, 0.000, 0.000, 0.000, 0.000, 0.000, 0.000, 0.000, 0.000, 0.000, 0.000, 0.000, 0.000, 0.952,-0.059, 1.473, 0.268,-5.031
79348.000, 1.534, 0.000, 0.000, 0.000, 0.000, 0.000, 0.000, 0.000, 0.000, 0.000, 0.000, 0.000, 0.000, 0.000, 0.952,-0.059, 1.473, 0.269,-5.032
79349.000, 1.574, 0.000, 0.000, 0.000, 0.000, 0.000, 0.000, 0.000, 0.000, 0.000, 0.000, 0.000, 0.000, 0.000, 0.952,-0.059, 1.473, 0.269,-5.032
79350.000, 1.614, 0.000, 0.000, 0.000, 0.000, 0.000, 0.000, 0.000, 0.000, 0.000, 0.000, 0.000, 0.000, 0.000, 0.952,-0.059, 1.473, 0.269,-5.032
79351.000, 1.653, 0.000, 0.000, 0.000, 0.000, 0.000, 0.000, 0.000, 0.000, 0.000, 0.000, 0.000, 0.000, 0.000, 0.952,-0.059, 1.474, 0.269,-5.032
79352.000, 1.696, 0.000, 0.000, 0.000, 0.000, 0.000, 0.000, 0.000, 0.000, 0.000, 0.000, 0.000, 0.000, 0.000, 0.952,-0.059, 1.473, 0.268,-5.033
79353.000, 1.736, 0.000, 0.000, 0.000, 0.000, 0.000, 0.000, 0.000, 0.000, 0.000, 0.000, 0.000, 0.000, 0.000, 0.952,-0.059, 1.473, 0.268,-5.032
79354.000, 1.774, 0.000, 0.000, 0.000, 0.000, 0.000, 0.000, 0.000, 0.000, 0.000, 0.000, 0.000, 0.000, 0.000, 0.952,-0.059, 1.473, 0.268,-5.032
79355.000, 1.814, 0.000, 0.000, 0.000, 0.000, 0.000, 0.000, 0.000, 0.000, 0.000, 0.000, 0.000, 0.000, 0.000, 0.952,-0.059, 1.473, 0.268,-5.031
79356.000, 1.853, 0.000, 0.000, 0.000, 0.000, 0.000, 0.000, 0.000, 0.000, 0.000, 0.000, 0.000, 0.000, 0.000, 0.952,-0.059, 1.473, 0.268,-5.032
